0.980360046402143 0.880807789933806
-0.572210149532679 -1.55129439418432
-0.780286567544563 -1.81791225563318
0.516189575452557 0.664481231060596
-0.0120044087314547 0.717361056562936
1.31648349088288 0.721798524437258
0.180066130971822 0.301348443345224
-0.716263054310137 0.918896055855072
-2.25282737193635 -1.86598482427167
-0.52419251460686 0.258822709549636
0.0520191045029707 0.54762791037011
0.836307141624685 0.226281278471273
-1.1324158903339 -1.80940710887406
0.148054374354609 0.54762791037011
0.0360132261943641 0.974734193273627
0.404148427292312 0.856401716625033
-0.556204271224073 0.785402230635877
1.07639531625378 0.689626882348422
1.46053639566034 0.771720038023384
-0.156057313508913 0.571294405699828
1.01237180301936 0.690736249317003
-1.18043352525972 -1.50174266958772
0.244089644206248 0.52285204807181
-0.508186636298254 1.10637907354519
-0.652239541075712 0.617518029390685
-0.556204271224073 -1.62377303613158
0.660242480230015 0.682231102557885
-1.19643940356833 0.196328370319598
-0.396145488138009 0.411545562224227
0.27610140082346 0.864906863384151
1.97272450153574 0.248468617842884
-0.636233662767105 0.0365795268439962
-0.412151366446615 0.651538616427156
0.340124914057886 0.833474799274368
0.820301263316079 -0.529937205111145
-0.30011021828637 0.651538616427156
0.94834828978493 0.470342011558997
-1.29247467341997 -1.54463819237283
2.22881855447344 0.524700993019445
-0.30011021828637 0.864906863384151
-1.67661575282652 -1.57385152254546
0.0520191045029707 0.54762791037011
0.0680249828115774 0.755819111473729
1.44453051735173 0.689626882348422
-0.52419251460686 0.635637689877501
1.84467747506689 0.148255801681107
-0.444163123063828 0.925922046656082
1.20444234272263 0.660783341165327
-1.78865690098677 -1.70697555877512
-0.620227784458499 -0.560629691241874
-2.15679210208471 -1.28874421162025
0.500183697143951 0.758777423389944
-2.63696845134291 -0.61868656259759
0.388142548983706 0.997661110624292
0.628230723612802 -0.326553260871375
-0.108039678583093 -0.763643846492117
0.27610140082346 0.852703826729765
0.116042617737396 0.664481231060596
-0.716263054310137 -1.71917859542951
0.164060252663216 0.951067697943908
1.68461869198082 0.625653387160276
-1.58058048297488 -1.85341199862776
0.468171940526738 0.974734193273627
1.23645409933985 0.664481231060596
-0.140051435200306 0.682231102557885
-0.316116096594977 -1.60713253160287
2.18080091954762 0.559461158034969
-0.364133731520796 0.470342011558997
-1.56457460466628 -1.81791225563318
-1.59658636128349 -1.80940710887406
-0.844310080778988 -1.89334920949666
0.868318898241898 0.317619158884406
1.54056578720337 0.771720038023384
0.0840308611201834 0.411545562224227
-0.204074948434732 -1.62377303613158
0.148054374354609 0.660783341165327
0.676248358538621 0.274723636099291
0.260095522514854 0.217776131712155
0.308113157440674 1.06200439480196
0.484177818835344 0.542820653506261
-0.796292445853169 0.765433625201427
-0.604221906149892 -1.67258518274913
0.740271871773047 0.690736249317003
-0.204074948434732 -1.62377303613158
0.820301263316079 -0.0244356564279348
0.0680249828115774 0.533575928768089
0.900330654859111 0.562049680961657
-0.0120044087314547 0.470342011558997
0.884324776550504 0.856401716625033
0.468171940526738 0.559461158034969
0.868318898241898 0.751381643599407
-0.956351228939234 -1.81088626483217
-0.332121974903583 -0.826877763701209
-2.25282737193635 -0.629410443293869
0.468171940526738 0.154172425513536
-0.636233662767105 -1.7273139531991
-0.956351228939234 -1.71067344867039
0.804295385007472 0.274723636099291
-1.22845116018554 -1.5387215685404
1.23645409933985 0.721798524437258